01010111 01100101 01101100 01101100 00100000 01100100 01101111 01101110 01100101
00101110 00100000 01011001 01101111 01110101 01110010 00100000 01101110 01100101
01111000 01110100 00100000 01100011 01101100 01110101 01100101 00100000 01101001
01110011 00111010 00001010 00110100 00111001 00100000 00110110 01000100 00100000
00110111 00110000 00100000 00110111 00110010 00100000 00110110 00110101 00100000
00110111 00110011 00100000 00110111 00110011 00100000 00110110 00111001 00100000
00110111 00110110 00100000 00110110 00110101 00100000 00110010 00110000 00100000
00110111 00111001 00100000 00110110 01000110 00100000 00110111 00110101 00100000
00110010 00110000 00100000 00110111 00110011 00100000 00110111 00110000 00100000
00110110 01000110 00100000 00110111 00110100 00100000 00110111 00110100 00100000
00110110 00110101 00100000 00110110 00110100 00100000 00110010 00110000 00100000
00110110 00111001 00100000 00110111 00110100 00100000 00110010 00110000 00100000
00110111 00110111 00100000 00110110 00110001 00100000 00110111 00110011 00100000
00110010 00110000 00100000 00110110 00111000 00100000 00110110 00110101 00100000
00110111 00111000 00100000 00110110 00110001 00100000 00110110 00110100 00100000
00110110 00110101 00100000 00110110 00110011 00100000 00110110 00111001 00100000
00110110 01000100 00100000 00110110 00110001 00100000 00110110 01000011 00100000
00110010 00110000 00100000 00110010 01000100 00100000 00110010 00110000 00100000
00110111 00110100 00100000 00110110 00111000 00100000 00110110 00110101 00100000
00110010 00110000 00100000 00110110 01000101 00100000 00110110 00110101 00100000
00110111 00111000 00100000 00110111 00110100 00100000 00110010 00110000 00100000
00110110 00110011 00100000 00110110 01000110 00100000 00110110 00110100 00100000
00110110 00110101 00100000 00110010 00110000 00100000 00110111 00110111 00100000
00110110 00111001 00100000 00110110 01000011 00100000 00110110 01000011 00100000
00110010 00110000 00100000 00110110 00110111 00100000 00110110 00111001 00100000
00110111 00110110 00100000 00110110 00110101 00100000 00110010 00110000 00100000
00110111 00111001 00100000 00110110 01000110 00100000 00110111 00110101 00100000
00110010 00110000 00100000 00110111 00110100 00100000 00110110 00111000 00100000
00110110 00110101 00100000 00110010 00110000 00100000 00110111 00110011 00100000
00110110 01000110 00100000 00110110 01000011 00100000 00110111 00110101 00100000
00110111 00110100 00100000 00110110 00111001 00100000 00110110 01000110 00100000
00110110 01000101 00100000 00110011 01000001 00100000 00110000 01000001 00100000
00110010 01000101 00100000 00110010 01000100 00100000 00110010 00110000 00100000
00110010 01000100 00100000 00110010 01000101 00100000 00110010 00110000 00100000
00110010 01000100 00100000 00110010 01000101 00100000 00110010 01000101 00100000
00110010 00110000 00100000 00110010 01000101 00100000 00110010 01000100 00100000
00110010 01000101 00100000 00110010 00110000 00100000 00110010 01000100 00100000
00110010 01000100 00100000 00110010 01000100 00100000 00110010 00110000 00100000
00110010 01000100 00100000 00110010 01000100 00100000 00110010 00110000 00100000
00110010 01000101 00100000 00110010 00110000 00100000 00110010 01000100 00100000
00110010 01000101 00100000 00110010 01000101 00100000 00110010 00110000 00100000
00110010 01000101 00100000 00110010 01000100